  51      14.04
  52      13.51
  53      13.01
  54      12.52
  55      13.01
  56      12.52
  57      13.01
  58      12.52
  59      13.01
  60      13.51
  61      13.01
  62      12.52
  63      13.01
  64      12.52
  65      13.01
  66      13.51
  67      13.01
  68      13.51
  69      15.14
  70      14.58
  71      15.14
  72      14.58
  73      15.14
  74      15.73
  75      15.14
  76      15.73
  77      15.14
  78      14.58
  79      14.04
  80      14.58
  81      14.04
  82      13.51
  83      14.04
  84      13.51
  85      14.04
  86      13.51
  87      14.04
  88      13.51
  89      13.01
  90      13.51
  91      13.01
  92      12.52
  93      13.01
  94      12.52
  95      13.01
  96      12.52
  97      12.06
  98      12.52
  99      12.06
 100      11.61
 101      11.17
 102      11.61
 103      11.17
 104      14.58
 105      15.14
 106      14.58
 107      14.04
 108      14.58
 109      17.63
 110      16.97
 111      17.63
 112      16.97
 113      17.63
 114      16.97
 115      17.63
 116      18.31
 117      17.63
 118      18.31
 119      17.63
 120      21.32
 121      20.52
 122      19.76
 123      20.52
 124      19.76
 125      19.02
 126      21.32
 127      20.52
 128      21.32
 129      20.52
 130      19.76
 131      20.52
 132      19.76
 133      20.52
 134      19.76
 135      20.52
 136      19.76
 137      19.02
 138      18.31
 139      19.02
 140      18.31
 141      17.63
 142      16.97
 143      17.63
 144      18.31
 145      17.63
 146      16.97
 147      16.34
 148      16.97
 149      16.34
 150      18.31
 151      17.63
 152      16.97
 153      16.34
 154      15.73
 155      15.14
 156      14.58
 157      14.04
 158      14.58
 159      14.04
 160      13.51
 161      13.01
 162      13.51
 163      13.01
 164      12.52
 165      12.06
 166      12.52
 167      12.06
 168      11.61
 169      11.17
 170      11.61
 171      11.17
 172      10.76
 173      13.01
 174      12.52
 175      13.01
 176      12.52
 177      12.06
 178      13.51
 179      14.04
 180      13.51
 181      13.01
 182      13.51
 183      14.04
 184      13.51
 185      13.01
 186      12.52
 187      13.01
 188      12.52
 189      12.06
 190      11.61
 191      12.06
 192      11.61
 193      11.17
 194      10.76
 195      10.36
 196      10.76
 197      11.17
 198      10.76
 199      10.36
 200      10.76
 201      11.17
 202      11.61
 203      11.17
 204      11.61
 205      11.17
 206      13.51
 207      13.01
 208      13.51
 209      13.01
 210      12.52
 211      13.01
 212      13.51
 213      13.01
 214      13.51
 215      17.63
 216      18.31
 217      17.63
 218      16.97
 219      17.63
 220      16.97
 221      16.34
 222      15.73
 223      16.34
 224      15.73
 225      16.34
 226      15.73
 227      15.14
 228      15.73
 229      16.34
 230      15.73
 231      15.14
 232      14.58
 233      15.14
 234      14.58
 235      14.04
 236      13.51
 237      13.01
 238      13.51
 239      13.01
 240      13.51
 241      13.01
 242      13.51
 243      13.01
 244      13.51
 245      13.01
 246      14.58
 247      14.04
 248      13.51
 249      14.04
 250      15.73
 251      16.34
 252      18.31
 253      17.63
 254      16.97
 255      17.63
 256      16.97
 257      16.34
 258      16.97
 259      16.34
 260      15.73
 261      15.14
 262      14.58
 263      15.14
 264      14.58
 265      14.04
 266      13.51
 267      14.04
 268      13.51
 269      13.01
 270      13.51
 271      14.04
 272      13.51
 273      13.01
 274      13.51
 275      13.01
 276      12.52
 277      14.04
 278      13.51
 279      13.01
 280      12.52
 281      13.01
 282      12.52
 283      12.06
 284      12.52
 285      12.06
 286      11.61
 287      12.06
 288      13.51
 289      13.01
 290      13.51
 291      13.01
 292      12.52
 293      13.01
 294      12.52
 295      12.06
 296      12.52
 297      12.06
 298      11.61
 299      11.17
 300      10.76
 301      11.17
 302      10.76
 303      11.17
 304      10.76
 305      10.36
 306       9.97
 307      11.17
 308      10.76
 309      11.17
 310      11.61
 311      11.17
 312      11.61
 313      11.17
 314      10.76
 315      10.36
 316      10.76
 317      10.36
 318      10.76
 319      10.36
 320       9.97
 321       9.60
 322      13.51
 323      13.01
 324      13.51
 325      13.01
 326      13.51
 327      13.01
 328      13.51
 329      13.01
 330      14.58
 331      14.04
 332      13.51
 333      13.01
 334      14.58
 335      15.14
 336      15.73
 337      15.14
 338      14.58
 339      15.14
 340      14.58
 341      15.14
 342      14.58
 343      14.04
 344      14.58
 345      14.04
 346      14.58
 347      14.04
 348      13.51
 349      14.04
 350      13.51
 351      13.01
 352      13.51
 353      13.01
 354      12.52
 355      14.04
 356      13.51
 357      14.04
 358      14.58
 359      14.04
 360      14.58
 361      14.04
 362      14.58
 363      14.04
 364      14.58
 365      15.14
 366      14.58
 367      15.14
 368      14.58
 369      16.34
 370      15.73
 371      16.34
 372      15.73
 373      16.34
 374      15.73
 375      15.14
 376      14.58
 377      14.04
 378      13.51
 379      14.04
 380      13.51
 381      14.04
 382      13.51
 383      14.04
 384      13.51
 385      13.01
 386      12.52
 387      12.06
 388      12.52
 389      12.06
 390      12.52
 391      12.06
 392      11.61
 393      11.17
 394      10.76
 395      11.17
 396      10.76
 397      10.36
 398      10.76
 399      11.17
 400      10.76
 401      10.36
 402       9.97
 403      10.36
 404      10.76
 405      11.17
 406      10.76
 407      10.36
 408      10.76
 409      10.36
 410      11.61
 411      11.17
 412      10.76
 413      10.36
 414      10.76
 415      10.36
 416       9.97
 417      13.01
 418      13.51
 419      14.04
 420      13.51
 421      13.01
 422      13.51
 423      13.01
 424      12.52
 425      13.01
 426      12.52
 427      13.01
 428      12.52
 429      13.01
 430      12.52
 431      12.06
 432      11.61
 433      12.06
 434      12.52
 435      12.06
 436      11.61
 437      11.17
 438      10.76
 439      11.17
 440      10.76
 441      10.36
 442      10.76
 443      11.17
 444      10.76
 445      10.36
 446      10.76
 447      11.17
 448      11.61
 449      11.17
 450      11.61
 451      11.17
 452      11.61
 453      11.17
 454      10.76
 455      11.17
 456      10.76
 457      11.17
 458      10.76
 459      10.36
 460      10.76
 461      10.36
 462      10.76
 463      10.36
 464      13.51
 465      13.01
 466      13.51
 467      14.04
 468      14.58
 469      14.04
 470      13.51
 471      13.01
 472      13.51
 473      15.14
 474      14.58
 475      14.04
 476      14.58
 477      14.04
 478      13.51
 479      13.01
 480      13.51
 481      13.01
 482      12.52
 483      12.06
 484      12.52
 485      12.06
 486      11.61
 487      13.01
 488      12.52
 489      12.06
 490      13.51
 491      14.04
 492      13.51
 493      15.14
 494      14.58
 495      17.63
 496      16.97
 497      16.34
 498      15.73
 499      16.34
 500      16.97
 501      16.34
 502      16.97
 503      16.34
 504      16.97
 505      16.34
 506      15.73
 507      16.34
 508      15.73
 509      16.34
 510      15.73
 511      16.34
 512      16.97
 513      16.34
 514      15.73
 515      15.14
 516      15.73
 517      15.14
 518      14.58
 519      16.34
 520      15.73
 521      16.34
 522      15.73
 523      16.34
 524      16.97
 525      19.02
 526      18.31
 527      17.63
 528      16.97
 529      17.63
 530      16.97
 531      17.63
 532      16.97
 533      16.34
 534      19.76
 535      19.02
 536      18.31
 537      19.02
 538      18.31
 539      19.02
 540      18.31
 541      17.63
 542      16.97
 543      16.34
 544      16.97
 545      16.34
 546      19.76
 547      19.02
 548      18.31
 549      19.02
 550      18.31
 551      19.02
 552      18.31
 553      17.63
 554      16.97
 555      17.63
 556      16.97
 557      16.34
 558      16.97
 559      16.34
 560      15.73
 561      15.14
 562      15.73
 563      16.34
 564      15.73
 565      15.14
 566      14.58
 567      15.14
 568      14.58
 569      14.04
 570      13.51
 571      14.04
 572      13.51
 573      13.01
 574      13.51
 575      13.01
 576      13.51
 577      14.04
 578      13.51
 579      13.01
 580      12.52
 581      12.06
 582      12.52
 583      12.06
 584      11.61
 585      12.06
 586      12.52
 587      12.06
 588      12.52
 589      12.06
 590      11.61
 591      12.06
 592      11.61
 593      11.17
 594      10.76
 595      10.36
 596      11.61
 597      11.17
 598      10.76
 599      11.17
 600      11.61
 601      11.17
 602      11.61
 603      11.17
 604      10.76
 605      10.36
 606      10.76
 607      10.36
 608       9.97
 609      10.36
 610       9.97
 611      10.36
 612       9.97
 613       9.60
 614       9.97
 615       9.60
 616       9.97
 617       9.60
 618       9.24
 619       9.60
 620       9.24
 621       9.60
 622       9.97
 623      11.17
 624      10.76
 625      11.17
 626      10.76
 627      11.17
 628      10.76
 629      10.36
 630      10.76
 631      10.36
 632       9.97
 633      10.36
 634      10.76
 635      11.17
 636      10.76
 637      11.17
 638      11.61
 639      12.06
 640      12.52
 641      12.06
 642      11.61
 643      12.06
 644      11.61
 645      12.06
 646      12.52
 647      12.06
 648      11.61
 649      17.63
 650      16.97
 651      17.63
 652      18.31
 653      17.63
 654      18.31
 655      17.63
 656      18.31
 657      17.63
 658      16.97
 659      16.34
 660      16.97
 661      16.34
 662      15.73
 663      15.14
 664      14.58
 665      15.14
 666      14.58
 667      14.04
 668      13.51
 669      14.04
 670      13.51
 671      13.01
 672      13.51
 673      13.01
 674      13.51
 675      14.04
 676      13.51
 677      13.01
 678      13.51
 679      14.04
 680      13.51
 681      14.04
 682      13.51
 683      13.01
 684      12.52
 685      13.01
 686      12.52
 687      12.06
 688      13.51
 689      14.04
 690      13.51
 691      14.04
 692      14.58
 693      14.04
 694      13.51
 695      14.04
 696      13.51
 697      14.04
 698      16.97
 699      16.34
 700      16.97
 701      16.34
 702      15.73
 703      16.34
 704      15.73
 705      15.14
 706      16.97
 707      16.34
 708      16.97
 709      16.34
 710      15.73
 711      16.34
 712      15.73
 713      15.14
 714      16.97
 715      17.63
 716      16.97
 717      17.63
 718      16.97
 719      17.63
 720      16.97
 721      16.34
 722      15.73
 723      16.34
 724      15.73
 725      15.14
 726      14.58
 727      15.14
 728      14.58
 729      14.04
 730      14.58
 731      15.14
 732      14.58
 733      20.52
 734      21.32
 735      20.52
 736      21.32
 737      20.52
 738      19.76
 739      20.52
 740      21.32
 741      22.14
 742      23.00
 743      23.89
 744      23.00
 745      22.14
 746      24.82
 747      25.78
 748      26.78
 749      25.78
 750      24.82
 751      25.78
 752      24.82
 753      23.89
 754      23.00
 755      22.14
 756      23.00
 757      23.89
 758      23.00
 759      23.89
 760      23.00
 761      22.14
 762      23.00
 763      22.14
 764      21.32
 765      22.14
 766      23.00
 767      22.14
 768      21.32
 769      22.14
 770      23.00
 771      22.14
 772      21.32
 773      23.89
 774      23.00
 775      23.89
 776      24.82
 777      25.78
 778      24.82
 779      25.78
 780      24.82
 781      23.89
 782      23.00
 783      22.14
 784      23.00
 785      23.89
 786      23.00
 787      23.89
 788      23.00
 789      23.89
 790      23.00
 791      22.14
 792      21.32
 793      20.52
 794      21.32
 795      20.52
 796      19.76
 797      19.02
 798      18.31
 799      19.02
 800      18.31
 801      17.63
 802      16.97
 803      17.63
 804      16.97
 805      16.34
 806      16.97
 807      19.02
 808      19.76
 809      19.02
 810      18.31
 811      19.02
 812      18.31
 813      17.63
 814      16.97
 815      19.02
 816      19.76
 817      19.02
 818      18.31
 819      17.63
 820      18.31
 821      19.02
 822      18.31
 823      19.02
 824      18.31
 825      17.63
 826      18.31
 827      19.02
 828      18.31
 829      17.63
 830      16.97
 831      17.63
 832      16.97
 833      16.34
 834      15.73
 835      15.14
 836      15.73
 837      15.14
 838      15.73
 839      15.14
 840      14.58
 841      15.14
 842      14.58
 843      15.14
 844      16.97
 845      17.63
 846      16.97
 847      16.34
 848      15.73
 849      16.34
 850      15.73
 851      15.14
 852      14.58
 853      14.04
 854      14.58
 855      14.04
 856      13.51
 857      14.04
 858      13.51
 859      13.01
 860      12.52
 861      12.06
 862      11.61
 863      12.06
 864      11.61
 865      12.06
 866      11.61
 867      12.06
 868      11.61
 869      12.06
 870      11.61
 871      12.06
 872      11.61
 873      11.17
 874      10.76
 875      11.17
 876      10.76
 877      11.17
 878      11.61
 879      11.17
 880      11.61
 881      12.06
 882      11.61
 883      11.17
 884      11.61
 885      12.06
 886      11.61
 887      11.17
 888      11.61
 889      11.17
 890      10.76
 891      11.17
 892      11.61
 893      11.17
 894      10.76
 895      11.17
 896      11.61
 897      12.06
 898      16.97
 899      17.63
 900      16.97
 901      22.14
 902      21.32
 903      22.14
 904      21.32
 905      20.52
 906      21.32
 907      22.14
 908      23.00
 909      22.14
 910      23.00
 911      22.14
 912      21.32
 913      20.52
 914      21.32
 915      22.14
 916      24.82
 917      27.81
 918      26.78
 919      32.38
 920      33.64
 921      32.38
 922      31.17
 923      34.94
 924      33.64
 925      32.38
 926      33.64
 927      32.38
 928      31.17
 929      32.38
 930      31.17
 931      30.01
 932      28.89
 933      30.01
 934      28.89
 935      30.01
 936      28.89
 937      27.81
 938      26.78
 939      25.78
 940      26.78
 941      25.78
 942      24.82
 943      25.78
 944      24.82
 945      25.78
 946      24.82
 947      25.78
 948      24.82
 949      23.89
 950      24.82
 951      23.89
 952      23.00
 953      22.14
 954      23.00
 955      22.14
 956      23.00
 957      22.14
 958      21.32
 959      25.78
 960      24.82
 961      23.89
 962      24.82
 963      23.89
 964      23.00
 965      22.14
 966      24.82
 967      25.78
 968      24.82
 969      23.89
 970      24.82
 971      25.78
 972      24.82
 973      23.89
 974      26.78
 975      25.78
 976      28.89
 977      27.81
 978      26.78
 979      27.81
 980      26.78
 981      25.78
 982      26.78
 983      25.78
 984      24.82
 985      23.89
 986      23.00
 987      25.78
 988      24.82
 989      23.89
 990      24.82
 991      27.81
 992      26.78
 993      25.78
 994      26.78
 995      27.81
 996      31.17
 997      30.01
 998      28.89
 999      30.01
1000      28.89
1001      27.81
1002      28.89
1003      27.81
1004      28.89
1005      27.81
1006      26.78
1007      25.78
1008      26.78
1009      25.78
1010      24.82
1011      23.89
1012      24.82
1013      25.78
1014      24.82
1015      25.78
1016      28.89
1017      30.01
1018      28.89
1019      32.38
1020      31.17
1021      32.38
1022      33.64
1023      34.94
1024      36.29
1025      34.94
1026      33.64
1027      34.94
1028      33.64
1029      37.70
1030      39.16
1031      37.70
1032      36.29
1033      34.94
1034      36.29
1035      34.94
1036      33.64
1037      32.38
1038      31.17
1039      32.38
1040      31.17
1041      30.01
1042      28.89
1043      27.81
1044      26.78
1045      25.78
1046      26.78
1047      25.78
1048      26.78
1049      25.78
1050      24.82
1051      25.78
1052      26.78
1053      25.78
1054      24.82
1055      23.89
1056      23.00
1057      23.89
1058      23.00
1059      22.14
1060      21.32
1061      20.52
1062      21.32
1063      20.52
1064      19.76
1065      19.02
1066      18.31
1067      17.63
1068      16.97
1069      17.63
1070      16.97
1071      16.34
1072      16.97
1073      17.63
1074      16.97
1075      16.34
1076      16.97
1077      16.34
1078      15.73
1079      16.34
1080      15.73
1081      15.14
1082      14.58
1083      15.14
1084      14.58
1085      14.04
1086      13.51
1087      14.04
1088      13.51
1089      13.01
1090      13.51
1091      14.04
1092      13.51
1093      13.01
1094      12.52
1095      12.06
1096      13.51
1097      14.04
1098      13.51
1099      14.04
1100      14.58
1101      14.04
1102      13.51
1103      14.04
1104      13.51
1105      13.01
1106      12.52
1107      12.06
1108      12.52
1109      12.06
1110      12.52
1111      12.06
1112      11.61
1113      12.06
1114      12.52
1115      13.01
1116      12.52
1117      12.06
1118      12.52
1119      12.06
1120      11.61
1121      12.06
1122      12.52
1123      12.06
1124      11.61
1125      12.06
1126      11.61
1127      11.17
1128      14.58
1129      14.04
1130      15.73
1131      16.34
1132      16.97
1133      16.34
1134      16.97
1135      16.34
1136      16.97
1137      16.34
1138      15.73
1139      16.34
1140      15.73
1141      15.14
1142      14.58
1143      14.04
1144      14.58
1145      14.04
1146      13.51
1147      13.01
1148      14.58
1149      14.04
1150      14.58
1151      14.04
1152      14.58
1153      19.02
1154      18.31
1155      19.02
1156      18.31
1157      17.63
1158      18.31
1159      17.63
1160      19.76
1161      19.02
1162      18.31
1163      19.02
1164      18.31
1165      17.63
1166      16.97
1167      17.63
1168      16.97
1169      16.34
1170      15.73
1171      16.34
1172      15.73
1173      15.14
1174      14.58
1175      14.04
1176      13.51
1177      14.04
1178      14.58
1179      14.04
1180      13.51
1181      16.34
1182      15.73
1183      17.63
1184      16.97
1185      17.63
1186      16.97
1187      17.63
1188      16.97
1189      17.63
1190      16.97
1191      16.34
1192      15.73
1193      15.14
1194      21.32
1195      20.52
1196      21.32
1197      20.52
1198      19.76
1199      20.52
1200      19.76
1201      19.02
1202      19.76
1203      19.02
1204      19.76
1205      19.02
1206      18.31
1207      17.63
1208      16.97
1209      16.34
1210      15.73
1211      16.34
1212      15.73
1213      15.14
1214      14.58
1215      14.04
1216      16.97
1217      17.63
1218      16.97
1219      16.34
1220      15.73
1221      16.34
1222      16.97
1223      17.63
1224      16.97
1225      16.34
1226      16.97
1227      17.63
1228      18.31
1229      17.63
1230      18.31
1231      17.63
1232      16.97
1233      17.63
1234      16.97
1235      16.34
1236      15.73
1237      16.34
1238      16.97
1239      16.34
1240      15.73
1241      15.14
1242      14.58
1243      14.04
1244      14.58
1245      14.04
1246      15.73
1247      16.34
1248      18.31
1249      17.63
1250      16.97
1251      17.63
1252      16.97
1253      16.34
1254      15.73
1255      15.14
1256      14.58
1257      15.14
1258      14.58
