 14.62   14.04
 14.24   13.51
 13.95   13.01
 13.77   12.52
 13.51   13.01
 13.38   12.52
 13.34   13.01
 13.02   12.52
 14.14   13.01
 13.87   13.51
 13.88   13.01
 13.55   12.52
 13.47   13.01
 13.19   12.52
 13.84   13.01
 13.94   13.51
 13.59   13.01
 13.83   13.51
 15.36   15.14
 15.14   14.58
 15.26   15.14
 15.12   14.58
 15.43   15.14
 16.25   15.73
 15.87   15.14
 15.58   15.73
 15.17   15.14
 14.87   14.58
 14.71   14.04
 14.50   14.58
 14.49   14.04
 14.11   13.51
 13.78   14.04
 13.73   13.51
 13.83   14.04
 13.66   13.51
 14.06   14.04
 13.69   13.51
 13.48   13.01
 13.48   13.51
 13.28   13.01
 12.98   12.52
 13.34   13.01
 13.07   12.52
 12.83   13.01
 12.55   12.52
 12.37   12.06
 12.31   12.52
 11.99   12.06
 11.68   11.61
 11.65   11.17
 11.57   11.61
 11.29   11.17
 14.49   14.58
 15.06   15.14
 15.02   14.58
 14.63   14.04
 14.28   14.58
 18.38   17.63
 18.05   16.97
 17.58   17.63
 17.31   16.97
 17.43   17.63
 17.21   16.97
 18.06   17.63
 18.23   18.31
 17.75   17.63
 18.29   18.31
 17.93   17.63
 21.30   21.32
 20.74   20.52
 20.55   19.76
 20.67   20.52
 20.43   19.76
 19.90   19.02
 22.15   21.32
 21.59   20.52
 21.40   21.32
 21.04   20.52
 20.75   19.76
 20.79   20.52
 20.38   19.76
 20.60   20.52
 20.09   19.76
 20.40   20.52
 19.94   19.76
 19.63   19.02
 19.22   18.31
 18.72   19.02
 18.25   18.31
 18.04   17.63
 17.77   16.97
 17.53   17.63
 17.91   18.31
 17.87   17.63
 17.40   16.97
 17.20   16.34
 16.74   16.97
 16.86   16.34
 17.86   18.31
 17.39   17.63
 17.05   16.97
 16.66   16.34
 16.23   15.73
 15.83   15.14
 15.46   14.58
 15.06   14.04
 14.68   14.58
 14.56   14.04
 14.22   13.51
 13.96   13.01
 13.75   13.51
 13.43   13.01
 13.19   12.52
 13.21   12.06
 12.92   12.52
 12.67   12.06
 12.36   11.61
 12.38   11.17
 12.06   11.61
 11.77   11.17
 11.49   10.76
 13.13   13.01
 13.34   12.52
 13.11   13.01
 12.78   12.52
 12.44   12.06
 13.90   13.51
 14.18   14.04
 13.89   13.51
 13.56   13.01
 13.88   13.51
 14.04   14.04
 13.76   13.51
 13.40   13.01
 13.05   12.52
 12.87   13.01
 12.73   12.52
 12.47   12.06
 12.22   11.61
 11.90   12.06
 11.59   11.61
 11.47   11.17
 11.25   10.76
 10.96   10.36
 10.88   10.76
 11.44   11.17
 11.15   10.76
 10.87   10.36
 10.76   10.76
 11.02   11.17
 11.44   11.61
 11.14   11.17
 12.00   11.61
 11.69   11.17
 13.85   13.51
 13.54   13.01
 13.36   13.51
 13.03   13.01
 12.88   12.52
 12.66   13.01
 13.39   13.51
 13.12   13.01
 13.36   13.51
 18.78   17.63
 18.84   18.31
 18.35   17.63
 17.88   16.97
 17.76   17.63
 17.37   16.97
 16.91   16.34
 16.52   15.73
 16.87   16.34
 16.44   15.73
 16.15   16.34
 16.34   15.73
 16.03   15.14
 16.44   15.73
 16.31   16.34
 15.88   15.73
 15.46   15.14
 15.21   14.58
 14.91   15.14
 14.69   14.58
 14.34   14.04
 14.18   13.51
 13.83   13.01
 13.68   13.51
 13.45   13.01
 13.56   13.51
 13.35   13.01
 13.40   13.51
 13.35   13.01
 13.77   13.51
 13.53   13.01
 14.81   14.58
 14.48   14.04
 14.11   13.51
 13.77   14.04
 15.29   15.73
 16.11   16.34
 18.11   18.31
 17.64   17.63
 17.26   16.97
 17.32   17.63
 17.02   16.97
 16.62   16.34
 16.66   16.97
 16.35   16.34
 15.92   15.73
 15.50   15.14
 15.10   14.58
 15.00   15.14
 14.80   14.58
 14.42   14.04
 14.07   13.51
 13.94   14.04
 13.66   13.51
 13.52   13.01
 13.42   13.51
 13.76   14.04
 13.68   13.51
 13.32   13.01
 13.46   13.51
 13.32   13.01
 12.97   12.52
 14.08   14.04
 13.79   13.51
 13.49   13.01
 13.16   12.52
 12.84   13.01
 12.52   12.52
 12.20   12.06
 12.52   12.52
 12.27   12.06
 12.05   11.61
 11.99   12.06
 13.17   13.51
 13.25   13.01
 13.55   13.51
 13.20   13.01
 12.86   12.52
 12.67   13.01
 12.62   12.52
 12.29   12.06
 12.45   12.52
 12.17   12.06
 11.87   11.61
 11.56   11.17
 11.26   10.76
 11.21   11.17
 11.07   10.76
 11.05   11.17
 10.78   10.76
 10.50   10.36
 10.40    9.97
 11.12   11.17
 10.88   10.76
 11.52   11.17
 11.36   11.61
 11.22   11.17
 11.24   11.61
 10.97   11.17
 10.99   10.76
 10.72   10.36
 10.88   10.76
 10.73   10.36
 10.47   10.76
 10.20   10.36
 10.17    9.97
  9.95    9.60
 14.05   13.51
 13.69   13.01
 13.51   13.51
 13.35   13.01
 13.45   13.51
 13.36   13.01
 13.92   13.51
 13.57   13.01
 14.31   14.58
 13.94   14.04
 13.60   13.51
 13.62   13.01
 14.56   14.58
 14.91   15.14
 15.59   15.73
 15.34   15.14
 15.11   14.58
 14.87   15.14
 14.72   14.58
 14.77   15.14
 14.38   14.58
 14.57   14.04
 14.20   14.58
 13.99   14.04
 14.26   14.58
 14.21   14.04
 13.88   13.51
 13.72   14.04
 13.45   13.51
 13.14   13.01
 13.22   13.51
 12.93   13.01
 12.59   12.52
 13.81   14.04
 14.02   13.51
 13.90   14.04
 14.28   14.58
 14.10   14.04
 14.58   14.58
 14.25   14.04
 14.12   14.58
 14.05   14.04
 15.10   14.58
 15.00   15.14
 15.08   14.58
 14.77   15.14
 14.84   14.58
 16.40   16.34
 16.06   15.73
 16.15   16.34
 15.94   15.73
 15.76   16.34
 15.38   15.73
 15.02   15.14
 14.63   14.58
 14.31   14.04
 13.94   13.51
 14.02   14.04
 13.91   13.51
 14.20   14.04
 13.97   13.51
 13.71   14.04
 13.36   13.51
 13.02   13.01
 12.68   12.52
 12.36   12.06
 12.55   12.52
 12.59   12.06
 12.33   12.52
 12.09   12.06
 11.79   11.61
 11.48   11.17
 11.20   10.76
 11.29   11.17
 11.02   10.76
 10.73   10.36
 11.17   10.76
 11.29   11.17
 11.08   10.76
 10.80   10.36
 10.53    9.97
 10.40   10.36
 10.95   10.76
 11.16   11.17
 11.04   10.76
 10.90   10.36
 11.09   10.76
 10.85   10.36
 11.33   11.61
 11.04   11.17
 10.88   10.76
 10.85   10.36
 10.80   10.76
 10.66   10.36
 10.44    9.97
 13.21   13.01
 14.37   13.51
 14.00   14.04
 13.63   13.51
 13.51   13.01
 13.27   13.51
 12.92   13.01
 13.01   12.52
 12.70   13.01
 13.05   12.52
 13.19   13.01
 12.96   12.52
 12.66   13.01
 12.38   12.52
 12.33   12.06
 12.07   11.61
 12.01   12.06
 12.27   12.52
 12.06   12.06
 11.77   11.61
 11.47   11.17
 11.19   10.76
 11.47   11.17
 11.17   10.76
 10.88   10.36
 10.87   10.76
 11.14   11.17
 10.99   10.76
 10.82   10.36
 10.64   10.76
 11.01   11.17
 11.39   11.61
 11.41   11.17
 11.60   11.61
 11.50   11.17
 11.22   11.61
 10.93   11.17
 10.72   10.76
 10.90   11.17
 10.72   10.76
 10.95   11.17
 10.82   10.76
 10.59   10.36
 10.70   10.76
 10.43   10.36
 10.68   10.76
 10.43   10.36
 13.70   13.51
 13.34   13.01
 13.87   13.51
 14.36   14.04
 14.31   14.58
 13.96   14.04
 13.64   13.51
 13.28   13.01
 13.17   13.51
 15.09   15.14
 14.71   14.58
 14.32   14.04
 14.23   14.58
 13.85   14.04
 13.54   13.51
 13.19   13.01
 13.22   13.51
 12.99   13.01
 12.71   12.52
 12.38   12.06
 12.51   12.52
 12.23   12.06
 12.09   11.61
 13.13   13.01
 12.81   12.52
 12.48   12.06
 13.32   13.51
 13.65   14.04
 13.29   13.51
 14.83   15.14
 14.54   14.58
 17.58   17.63
 17.12   16.97
 16.89   16.34
 16.46   15.73
 16.23   16.34
 16.95   16.97
 16.64   16.34
 16.76   16.97
 16.63   16.34
 17.00   16.97
 16.58   16.34
 16.15   15.73
 16.53   16.34
 16.14   15.73
 16.10   16.34
 15.92   15.73
 17.05   16.34
 16.73   16.97
 16.33   16.34
 15.91   15.73
 15.52   15.14
 15.30   15.73
 15.07   15.14
 15.05   14.58
 16.66   16.34
 16.23   15.73
 16.04   16.34
 15.75   15.73
 15.92   16.34
 17.03   16.97
 18.54   19.02
 18.05   18.31
 17.67   17.63
 17.22   16.97
 17.06   17.63
 17.15   16.97
 17.52   17.63
 17.09   16.97
 16.69   16.34
 19.41   19.76
 18.90   19.02
 18.40   18.31
 18.73   19.02
 18.29   18.31
 18.59   19.02
 18.11   18.31
 17.74   17.63
 17.28   16.97
 16.90   16.34
 16.71   16.97
 16.72   16.34
 19.22   19.76
 18.71   19.02
 18.82   18.31
 18.43   19.02
 18.81   18.31
 18.33   19.02
 17.99   18.31
 17.53   17.63
 17.38   16.97
 16.99   17.63
 16.95   16.97
 16.83   16.34
 16.42   16.97
 16.04   16.34
 15.65   15.73
 15.26   15.14
 15.99   15.73
 16.51   16.34
 16.08   15.73
 15.65   15.14
 15.26   14.58
 14.86   15.14
 14.62   14.58
 14.40   14.04
 14.24   13.51
 13.87   14.04
 13.66   13.51
 13.31   13.01
 13.64   13.51
 13.63   13.01
 14.05   13.51
 13.79   14.04
 13.56   13.51
 13.35   13.01
 13.00   12.52
 12.79   12.06
 12.53   12.52
 12.51   12.06
 12.22   11.61
 12.39   12.06
 12.57   12.52
 12.42   12.06
 12.51   12.52
 12.21   12.06
 11.99   11.61
 12.00   12.06
 11.76   11.61
 11.49   11.17
 11.20   10.76
 10.90   10.36
 11.89   11.61
 11.58   11.17
 11.28   10.76
 11.01   11.17
 11.78   11.61
 11.62   11.17
 11.34   11.61
 11.04   11.17
 10.80   10.76
 10.55   10.36
 10.60   10.76
 10.54   10.36
 10.39    9.97
 10.20   10.36
 10.10    9.97
 10.53   10.36
 10.26    9.97
  9.99    9.60
  9.88    9.97
  9.67    9.60
 10.05    9.97
  9.83    9.60
  9.73    9.24
  9.54    9.60
  9.30    9.24
  9.99    9.60
  9.92    9.97
 11.22   11.17
 11.12   10.76
 10.83   11.17
 10.94   10.76
 10.82   11.17
 10.82   10.76
 10.56   10.36
 10.90   10.76
 10.61   10.36
 10.35    9.97
 10.39   10.36
 10.69   10.76
 10.81   11.17
 11.04   10.76
 10.80   11.17
 11.59   11.61
 12.39   12.06
 12.15   12.52
 11.90   12.06
 11.70   11.61
 11.66   12.06
 11.35   11.61
 11.69   12.06
 12.12   12.52
 12.14   12.06
 11.87   11.61
 19.01   17.63
 18.52   16.97
 18.68   17.63
 19.48   18.31
 19.18   17.63
 18.86   18.31
 19.15   17.63
 19.00   18.31
 18.52   17.63
 18.17   16.97
 17.69   16.34
 17.22   16.97
 16.86   16.34
 16.42   15.73
 16.00   15.14
 15.66   14.58
 15.51   15.14
 15.13   14.58
 15.09   14.04
 14.69   13.51
 14.31   14.04
 13.94   13.51
 14.02   13.01
 13.84   13.51
 13.76   13.01
 13.80   13.51
 14.49   14.04
 14.18   13.51
 13.98   13.01
 13.64   13.51
 14.07   14.04
 13.84   13.51
 14.13   14.04
 13.82   13.51
 13.57   13.01
 13.35   12.52
 13.18   13.01
 12.98   12.52
 12.66   12.06
 13.68   13.51
 14.07   14.04
 14.21   13.51
 13.92   14.04
 14.31   14.58
 14.03   14.04
 13.87   13.51
 13.70   14.04
 14.05   13.51
 14.51   14.04
 17.71   16.97
 17.26   16.34
 17.07   16.97
 16.66   16.34
 16.28   15.73
 15.92   16.34
 15.69   15.73
 15.44   15.14
 16.76   16.97
 16.45   16.34
 16.46   16.97
 16.09   16.34
 15.95   15.73
 16.43   16.34
 16.11   15.73
 15.70   15.14
 17.56   16.97
 17.94   17.63
 17.70   16.97
 17.36   17.63
 17.50   16.97
 17.08   17.63
 16.67   16.97
 16.24   16.34
 16.28   15.73
 16.08   16.34
 15.74   15.73
 15.33   15.14
 14.95   14.58
 14.83   15.14
 14.46   14.58
 14.56   14.04
 14.76   14.58
 14.80   15.14
 14.46   14.58
 20.64   20.52
 21.36   21.32
 22.01   20.52
 21.63   21.32
 21.18   20.52
 20.72   19.76
 21.77   20.52
 21.24   21.32
 23.31   22.14
 22.80   23.00
 24.57   23.89
 23.95   23.00
 23.41   22.14
 25.28   24.82
 26.10   25.78
 27.26   26.78
 26.56   25.78
 26.32   24.82
 25.82   25.78
 25.23   24.82
 24.57   23.89
 23.93   23.00
 23.40   22.14
 22.83   23.00
 24.34   23.89
 23.78   23.00
 23.44   23.89
 23.60   23.00
 22.98   22.14
 23.43   23.00
 22.86   22.14
 22.28   21.32
 21.92   22.14
 23.08   23.00
 22.47   22.14
 22.10   21.32
 21.88   22.14
 22.66   23.00
 22.33   22.14
 21.97   21.32
 24.50   23.89
 23.91   23.00
 23.29   23.89
 24.37   24.82
 26.07   25.78
 25.57   24.82
 25.15   25.78
 24.72   24.82
 24.07   23.89
 23.53   23.00
 22.97   22.14
 23.45   23.00
 23.17   23.89
 22.59   23.00
 23.38   23.89
 23.61   23.00
 23.07   23.89
 22.76   23.00
 22.22   22.14
 21.65   21.32
 21.42   20.52
 20.86   21.32
 20.42   20.52
 19.95   19.76
 19.51   19.02
 19.08   18.31
 19.15   19.02
 18.75   18.31
 18.66   17.63
 18.19   16.97
 17.73   17.63
 17.33   16.97
 17.31   16.34
 17.10   16.97
 18.73   19.02
 19.53   19.76
 19.02   19.02
 18.91   18.31
 18.81   19.02
 18.37   18.31
 18.04   17.63
 17.85   16.97
 19.51   19.02
 19.19   19.76
 18.82   19.02
 18.34   18.31
 18.21   17.63
 17.92   18.31
 18.85   19.02
 18.53   18.31
 18.46   19.02
 18.00   18.31
 18.36   17.63
 18.87   18.31
 18.43   19.02
 18.24   18.31
 17.81   17.63
 17.40   16.97
 17.12   17.63
 16.67   16.97
 16.40   16.34
 15.97   15.73
 15.89   15.14
 15.48   15.73
 15.21   15.14
 16.02   15.73
 15.64   15.14
 15.36   14.58
 15.05   15.14
 14.85   14.58
 15.56   15.14
 17.61   16.97
 17.18   17.63
 16.84   16.97
 16.48   16.34
 16.13   15.73
 15.84   16.34
 15.43   15.73
 15.03   15.14
 14.64   14.58
 14.54   14.04
 14.98   14.58
 14.62   14.04
 14.23   13.51
 13.86   14.04
 13.50   13.51
 13.15   13.01
 12.82   12.52
 12.87   12.06
 12.53   11.61
 12.45   12.06
 12.17   11.61
 12.15   12.06
 11.84   11.61
 12.40   12.06
 12.14   11.61
 12.54   12.06
 12.21   11.61
 12.31   12.06
 12.05   11.61
 11.73   11.17
 11.43   10.76
 11.25   11.17
 11.42   10.76
 11.12   11.17
 11.72   11.61
 11.53   11.17
 11.80   11.61
 11.97   12.06
 11.95   11.61
 11.73   11.17
 12.08   11.61
 11.88   12.06
 11.89   11.61
 11.61   11.17
 11.70   11.61
 11.50   11.17
 11.21   10.76
 10.99   11.17
 11.34   11.61
 11.05   11.17
 10.77   10.76
 10.87   11.17
 11.86   11.61
 11.95   12.06
 18.75   16.97
 18.48   17.63
 18.00   16.97
 24.13   22.14
 24.07   21.32
 23.80   22.14
 23.17   21.32
 22.97   20.52
 23.11   21.32
 24.25   22.14
 24.31   23.00
 24.44   22.14
 23.81   23.00
 23.22   22.14
 22.68   21.32
 22.44   20.52
 23.18   21.32
 23.91   22.14
 26.12   24.82
 30.66   27.81
 29.85   26.78
 35.27   32.38
 36.29   33.64
 35.35   32.38
 34.43   31.17
 36.81   34.94
 36.30   33.64
 35.45   32.38
 35.13   33.64
 34.60   32.38
 34.49   31.17
 33.68   32.38
 32.80   31.17
 31.95   30.01
 31.17   28.89
 31.18   30.01
 30.37   28.89
 30.81   30.01
 30.21   28.89
 29.59   27.81
 28.89   26.78
 28.21   25.78
 27.58   26.78
 27.03   25.78
 26.38   24.82
 26.58   25.78
 25.92   24.82
 26.76   25.78
 26.44   24.82
 26.24   25.78
 26.26   24.82
 25.85   23.89
 25.41   24.82
 24.74   23.89
 24.10   23.00
 23.90   22.14
 24.03   23.00
 23.81   22.14
 24.09   23.00
 23.47   22.14
 23.02   21.32
 25.47   25.78
 24.80   24.82
 25.34   23.89
 24.68   24.82
 24.61   23.89
 23.96   23.00
 23.44   22.14
 25.38   24.82
 25.60   25.78
 25.18   24.82
 25.01   23.89
 24.39   24.82
 26.08   25.78
 25.46   24.82
 25.00   23.89
 26.24   26.78
 26.24   25.78
 28.66   28.89
 28.22   27.81
 27.71   26.78
 27.05   27.81
 26.44   26.78
 25.83   25.78
 26.16   26.78
 25.63   25.78
 24.95   24.82
 24.37   23.89
 23.75   23.00
 25.34   25.78
 25.21   24.82
 24.63   23.89
 25.77   24.82
 27.11   27.81
 26.83   26.78
 26.13   25.78
 26.24   26.78
 26.84   27.81
 30.74   31.17
 29.95   30.01
 29.67   28.89
 29.06   30.01
 28.29   28.89
 27.60   27.81
 29.37   28.89
 28.86   27.81
 28.22   28.89
 27.55   27.81
 27.25   26.78
 26.54   25.78
 25.94   26.78
 25.45   25.78
 24.96   24.82
 24.98   23.89
 25.40   24.82
 25.20   25.78
 25.63   24.82
 25.05   25.78
 29.51   28.89
 29.59   30.01
 29.33   28.89
 32.37   32.38
 31.85   31.17
 33.27   32.38
 34.62   33.64
 36.25   34.94
 35.92   36.29
 35.91   34.94
 35.20   33.64
 35.03   34.94
 35.05   33.64
 39.01   37.70
 38.49   39.16
 37.49   37.70
 36.83   36.29
 36.18   34.94
 35.38   36.29
 34.47   34.94
 34.19   33.64
 33.30   32.38
 32.61   31.17
 31.81   32.38
 30.97   31.17
 30.16   30.01
 29.80   28.89
 29.05   27.81
 28.37   26.78
 27.64   25.78
 27.83   26.78
 27.58   25.78
 27.59   26.78
 26.89   25.78
 26.19   24.82
 27.23   25.78
 27.65   26.78
 26.94   25.78
 26.25   24.82
 25.56   23.89
 24.91   23.00
 24.32   23.89
 23.68   23.00
 23.67   22.14
 23.05   21.32
 22.58   20.52
 22.09   21.32
 21.57   20.52
 21.02   19.76
 20.50   19.02
 20.00   18.31
 19.47   17.63
 19.37   16.97
 19.06   17.63
 18.58   16.97
 18.55   16.34
 18.70   16.97
 18.66   17.63
 18.54   16.97
 18.06   16.34
 18.15   16.97
 17.79   16.34
 17.51   15.73
 17.16   16.34
 17.06   15.73
 16.71   15.14
 16.45   14.58
 16.02   15.14
 15.90   14.58
 15.50   14.04
 15.14   13.51
 15.14   14.04
 14.85   13.51
 14.54   13.01
 14.47   13.51
 14.68   14.04
 14.31   13.51
 13.94   13.01
 13.71   12.52
 13.35   12.06
 14.23   13.51
 14.64   14.04
 14.68   13.51
 14.87   14.04
 14.95   14.58
 14.56   14.04
 14.19   13.51
 14.16   14.04
 13.86   13.51
 13.51   13.01
 13.16   12.52
 13.03   12.06
 12.82   12.52
 12.51   12.06
 12.82   12.52
 12.51   12.06
 12.52   11.61
 12.21   12.06
 12.54   12.52
 13.40   13.01
 13.05   12.52
 12.72   12.06
 12.69   12.52
 12.59   12.06
 12.28   11.61
 12.01   12.06
 12.45   12.52
 12.28   12.06
 12.06   11.61
 11.86   12.06
 11.63   11.61
 11.60   11.17
 14.77   14.58
 14.54   14.04
 16.44   15.73
 17.15   16.34
 17.43   16.97
 16.97   16.34
 16.82   16.97
 16.90   16.34
 17.02   16.97
 16.72   16.34
 16.34   15.73
 16.42   16.34
 15.99   15.73
 15.57   15.14
 15.18   14.58
 14.82   14.04
 14.49   14.58
 14.26   14.04
 13.89   13.51
 13.54   13.01
 14.92   14.58
 14.76   14.04
 14.58   14.58
 14.48   14.04
 14.97   14.58
 19.24   19.02
 19.38   18.31
 18.96   19.02
 18.46   18.31
 17.98   17.63
 18.02   18.31
 17.55   17.63
 19.47   19.76
 19.00   19.02
 19.09   18.31
 18.59   19.02
 18.11   18.31
 17.65   17.63
 17.50   16.97
 17.63   17.63
 17.18   16.97
 16.76   16.34
 16.37   15.73
 16.11   16.34
 15.70   15.73
 15.47   15.14
 15.12   14.58
 14.80   14.04
 14.46   13.51
 14.29   14.04
 14.71   14.58
 14.39   14.04
 14.40   13.51
 16.65   16.34
 16.32   15.73
 18.07   17.63
 17.79   16.97
 17.44   17.63
 17.56   16.97
 17.12   17.63
 17.57   16.97
 17.43   17.63
 17.00   16.97
 16.56   16.34
 16.21   15.73
 15.81   15.14
 22.15   21.32
 21.64   20.52
 21.35   21.32
 20.81   20.52
 20.53   19.76
 20.24   20.52
 19.71   19.76
 19.23   19.02
 20.02   19.76
 19.70   19.02
 19.35   19.76
 18.99   19.02
 18.49   18.31
 18.00   17.63
 17.55   16.97
 17.17   16.34
 16.72   15.73
 16.46   16.34
 16.07   15.73
 15.67   15.14
 15.34   14.58
 14.95   14.04
 17.06   16.97
 17.74   17.63
 17.34   16.97
 16.90   16.34
 16.48   15.73
 16.05   16.34
 17.62   16.97
 17.17   17.63
 17.18   16.97
 17.07   16.34
 17.59   16.97
 17.20   17.63
 17.99   18.31
 18.07   17.63
 17.73   18.31
 17.27   17.63
 17.58   16.97
 17.13   17.63
 16.71   16.97
 16.29   16.34
 16.10   15.73
 15.85   16.34
 16.52   16.97
 16.09   16.34
 15.69   15.73
 15.39   15.14
 14.99   14.58
 14.74   14.04
 14.39   14.58
 14.28   14.04
 16.06   15.73
 16.89   16.34
 18.21   18.31
 17.77   17.63
 17.34   16.97
 17.15   17.63
 16.70   16.97
 16.27   16.34
 16.01   15.73
 15.61   15.14
 15.19   14.58
 14.90   15.14
 14.51   14.58
