  51   0.090
  52   0.482
  53   0.781
  54  -0.570
  55  -0.830
  56  -1.001
  57   0.317
  58   2.193
  59  -0.574
  60  -1.034
  61   0.317
  62   0.963
  63   0.476
  64  -1.800
  65  -1.208
  66  -0.223
  67  -1.355
  68  -2.397
  69   0.681
  70   1.187
  71  -0.818
  72   1.394
  73   1.793
  74   0.353
  75  -0.577
  76   0.020
  77   0.482
  78   0.784
  79   0.713
  80  -0.980
  81   0.011
  82   0.352
  83   0.916
  84  -1.140
  85  -0.724
  86  -1.480
  87  -0.124
  88  -0.634
  89  -1.037
  90  -0.658
  91   0.378
  92  -1.496
  93  -0.488
  94   0.583
  95  -0.391
  96  -0.685
  97   0.922
  98  -0.139
  99   0.145
 100   0.944
 101  -0.909
 102  -0.246
 103  -3.708
 104  -1.579
 105  -0.943
 106  -0.131
 107  -0.339
 108   3.615
 109   0.576
 110   0.178
 111  -0.639
 112   1.150
 113  -0.702
 114   1.740
 115   1.198
 116  -0.113
 117   1.486
 118   0.503
 119  -3.035
 120   0.001
 121  -0.820
 122   1.149
 123   0.750
 124  -0.096
 125   2.479
 126  -0.201
 127   0.851
 128  -0.611
 129  -0.696
 130  -1.093
 131  -0.503
 132   1.229
 133  -0.240
 134   1.286
 135  -0.379
 136   0.643
 137   0.467
 138   0.001
 139  -0.250
 140  -0.746
 141  -0.666
 142   0.730
 143   1.351
 144   0.928
 145   0.117
 146  -0.758
 147   0.068
 148  -1.113
 149   1.885
 150  -0.095
 151   0.486
 152   0.383
 153  -0.087
 154   0.272
 155  -0.356
 156   0.076
 157  -0.260
 158   0.828
 159  -0.339
 160  -0.599
 161  -0.683
 162   0.364
 163  -0.586
 164   1.077
 165  -0.461
 166   0.520
 167  -0.303
 168  -1.094
 169   0.156
 170  -0.287
 171   0.341
 172   2.804
 173   1.281
 174  -0.621
 175   0.195
 176  -0.101
 177   2.475
 178   1.375
 179  -0.475
 180  -0.329
 181  -1.440
 182   1.234
 183   0.498
 184  -0.047
 185  -0.183
 186  -0.710
 187   0.757
 188  -0.482
 189   0.500
 190  -0.123
 191  -0.026
 192   0.780
 193   0.511
 194   0.207
 195  -0.904
 196  -1.756
 197   0.213
 198  -0.221
 199   0.812
 200   1.402
 201   1.549
 202   0.137
 203  -2.017
 204   0.055
 205  -3.097
 206  -0.388
 207   0.744
 208   0.247
 209   0.744
 210   0.596
 211  -1.770
 212   0.470
 213   1.318
 214  -4.394
 215  -1.135
 216   0.139
 217   0.117
 218  -0.907
 219  -0.414
 220   0.075
 221   0.350
 222   1.423
 223  -0.185
 224   0.585
 225   1.195
 226  -0.535
 227  -1.499
 228   0.868
 229   0.019
 230   0.020
 231  -0.629
 232  -0.523
 233   0.650
 234   0.338
 235   0.769
 236  -0.247
 237   0.805
 238   0.611
 239  -1.184
 240  -0.658
 241   1.098
 242   0.916
 243  -1.525
 244   0.599
 245  -2.282
 246  -0.392
 247   0.192
 248  -0.282
 249  -2.296
 250   1.716
 251   2.429
 252  -0.156
 253   0.414
 254  -1.085
 255   0.567
 256  -0.355
 257   1.059
 258   0.533
 259  -0.029
 260  -0.061
 261  -0.073
 262   0.893
 263   0.702
 264   0.142
 265  -0.271
 266   0.846
 267   0.475
 268  -0.799
 269   0.866
 270  -1.398
 271  -0.871
 272   0.094
 273  -1.208
 274   0.775
 275   0.073
 276  -2.180
 277   0.464
 278  -0.435
 279   0.244
 280   0.304
 281  -0.207
 282  -0.228
 283   1.435
 284  -0.494
 285  -0.566
 286   0.944
 287  -2.212
 288   1.081
 289   1.403
 290   0.023
 291  -0.159
 292  -0.685
 293   0.903
 294  -0.076
 295  -1.251
 296   0.368
 297   0.277
 298   0.001
 299   0.156
 300   0.944
 301  -0.725
 302  -0.989
 303  -0.298
 304   0.089
 305  -0.797
 306   2.022
 307  -0.426
 308   1.845
 309   0.710
 310  -0.711
 311   1.037
 312  -0.287
 313  -1.023
 314  -0.266
 315  -1.303
 316  -0.679
 317   0.291
 318  -0.148
 319   0.935
 320  -0.414
 321  -4.648
 322   0.164
 323  -0.744
 324   0.740
 325   1.172
 326   0.858
 327   1.672
 328   0.176
 329  -1.855
 330  -0.087
 331   0.271
 332   1.034
 333  -2.026
 334   1.394
 335   1.646
 336   0.626
 337   0.660
 338   0.653
 339  -0.765
 340  -1.067
 341  -0.042
 342   1.220
 343   0.158
 344  -0.642
 345   1.323
 346   0.904
 347   0.339
 348  -0.775
 349  -0.486
 350  -0.329
 351   1.135
 352  -0.376
 353   0.012
 354  -2.231
 355   1.233
 356  -0.858
 357  -1.425
 358   0.708
 359   1.527
 360  -0.392
 361  -0.814
 362  -0.871
 363   2.002
 364  -0.893
 365   1.080
 366   0.501
 367  -1.059
 368  -2.330
 369   0.466
 370  -1.130
 371   0.690
 372   0.777
 373   0.262
 374   0.343
 375  -0.063
 376   0.414
 377   0.068
 378   1.140
 379   0.837
 380   1.386
 381  -0.633
 382   0.564
 383   0.158
 384  -0.188
 385   0.061
 386   0.215
 387   1.290
 388   1.065
 389  -0.474
 390   0.494
 391  -0.290
 392  -0.027
 393  -0.270
 394  -1.181
 395  -0.327
 396  -0.089
 397  -1.671
 398  -1.240
 399  -0.554
 400  -0.192
 401  -0.215
 402   0.764
 403  -1.763
 404  -1.343
 405  -0.781
 406  -0.738
 407  -1.364
 408  -0.413
 409  -1.732
 410  -0.137
 411  -0.668
 412   0.959
 413   0.950
 414  -0.723
 415  -0.475
 416   3.710
 417  -2.160
 418  -0.153
 419  -0.011
 420   0.822
 421  -0.574
 422  -0.129
 423   1.111
 424  -0.317
 425   1.416
 426  -1.230
 427   0.586
 428   0.393
 429   0.366
 430   0.913
 431  -0.435
 432  -0.944
 433  -1.356
 434  -0.558
 435  -0.329
 436  -0.109
 437  -0.284
 438  -1.461
 439  -0.071
 440   0.133
 441  -1.027
 442   1.417
 443  -0.696
 444  -0.664
 445  -0.628
 446   1.520
 447   1.506
 448   1.026
 449  -1.307
 450   0.821
 451   0.270
 452   0.109
 453  -0.526
 454   1.269
 455  -0.597
 456   1.358
 457  -0.725
 458   0.443
 459   1.211
 460  -0.192
 461   1.395
 462   0.325
 463   3.894
 464  -0.141
 465   1.635
 466  -1.586
 467   0.950
 468   0.272
 469  -0.351
 470  -0.106
 471   0.830
 472   2.585
 473   0.199
 474  -0.033
 475  -0.882
 476   0.011
 477   0.385
 478   0.094
 479  -1.050
 480  -0.587
 481  -0.415
 482   0.051
 483   1.225
 484   0.380
 485  -0.751
 486   2.202
 487   0.244
 488  -0.177
 489  -1.988
 490   1.375
 491  -0.057
 492   2.350
 493  -0.503
 494   3.136
 495  -0.099
 496  -0.701
 497  -0.165
 498   0.727
 499   1.642
 500   0.561
 501  -1.146
 502   0.832
 503  -1.389
 504  -0.224
 505   0.146
 506   1.423
 507  -0.321
 508  -0.979
 509   0.738
 510  -1.978
 511   0.564
 512  -0.318
 513   0.155
 514   0.222
 515  -0.702
 516  -0.636
 517  -0.975
 518  -2.385
 519   0.068
 520   0.777
 521  -0.544
 522  -1.191
 523  -1.895
 524  -2.142
 525  -0.025
 526  -0.425
 527   0.225
 528   0.814
 529  -1.054
 530   1.375
 531   0.234
 532   0.355
 533   2.847
 534  -0.032
 535  -0.108
 536   1.309
 537  -0.300
 538   1.283
 539  -0.108
 540  -0.468
 541   0.045
 542   0.421
 543  -0.777
 544   1.001
 545  -2.740
 546  -0.032
 547   1.093
 548   0.468
 549  -1.302
 550   0.182
 551  -0.509
 552  -0.156
 553   0.819
 554   0.383
 555  -0.927
 556   0.851
 557  -0.282
 558   0.327
 559   0.282
 560  -0.222
 561   1.709
 562   1.534
 563  -0.019
 564   0.050
 565   0.241
 566  -0.022
 567  -0.608
 568  -0.653
 569   0.780
 570  -0.141
 571  -0.645
 572  -0.070
 573   1.440
 574   0.987
 575   1.562
 576   0.564
 577   0.577
 578  -0.646
 579   0.159
 580  -0.621
 581   0.527
 582   0.963
 583   0.369
 584   1.299
 585  -1.290
 586   0.748
 587   1.159
 588  -0.292
 589   0.566
 590  -1.053
 591  -0.474
 592   0.369
 593   0.185
 594  -0.103
 595  -2.269
 596  -0.055
 597   0.185
 598  -0.295
 599   1.918
 600  -0.711
 601  -0.256
 602   0.055
 603  -0.426
 604   0.310
 605  -1.119
 606  -0.871
 607   0.690
 608  -0.557
 609   0.782
 610   1.656
 611  -0.123
 612  -0.096
 613   0.794
 614  -0.446
 615   1.604
 616   0.414
 617  -0.810
 618   0.515
 619  -0.165
 620   2.010
 621   0.877
 622  -2.516
 623  -0.810
 624  -0.162
 625  -1.137
 626  -0.767
 627   0.966
 628   0.310
 629   1.533
 630   0.089
 631   0.276
 632   1.115
 633  -1.456
 634  -1.195
 635   1.307
 636  -0.413
 637   1.918
 638  -1.928
 639   0.540
 640   0.431
 641   0.593
 642   0.944
 643   0.040
 644  -1.436
 645   1.514
 646  -1.001
 647  -0.382
 648  -5.703
 649  -0.126
 650   1.263
 651  -1.738
 652   0.685
 653  -0.648
 654   1.300
 655  -0.909
 656  -0.208
 657   0.549
 658   0.001
 659  -0.058
 660   0.458
 661  -0.029
 662   0.212
 663  -0.440
 664  -0.860
 665   0.262
 666   0.980
 667  -0.124
 668   0.047
 669  -0.124
 670  -1.151
 671   0.769
 672  -0.893
 673   1.123
 674  -1.762
 675  -0.441
 676  -0.705
 677   0.281
 678  -1.516
 679   0.599
 680   1.386
 681  -0.407
 682  -0.564
 683   0.647
 684  -0.761
 685  -0.647
 686  -0.279
 687  -2.159
 688   1.469
 689  -1.188
 690  -0.470
 691  -1.436
 692   0.512
 693   0.746
 694   0.752
 695  -1.380
 696   1.563
 697  -3.337
 698  -0.224
 699  -0.806
 700  -0.299
 701  -0.350
 702   0.424
 703   0.651
 704   0.616
 705   2.149
 706  -0.524
 707   1.020
 708   0.374
 709  -0.806
 710   1.494
 711  -0.525
 712  -0.151
 713   2.505
 714  -1.403
 715  -0.702
 716   0.542
 717   1.126
 718   0.318
 719  -0.288
 720   0.131
 721  -1.040
 722  -0.757
 723   0.437
 724   0.020
 725  -0.262
 726   0.849
 727   0.231
 728   1.122
 729  -1.278
 730  -1.067
 731  -0.335
 732  -4.541
 733   1.547
 734   1.482
 735   0.627
 736  -0.454
 737  -0.449
 738  -1.816
 739  -0.271
 740  -2.212
 741   0.430
 742  -2.008
 743   0.233
 744  -0.386
 745   2.165
 746   1.535
 747   1.675
 748  -0.196
 749   0.831
 750  -0.550
 751  -0.376
 752  -0.096
 753  -0.033
 754  -0.421
 755   0.294
 756  -1.891
 757  -0.352
 758   0.697
 759   1.103
 760  -0.097
 761  -1.376
 762  -0.255
 763  -0.208
 764  -0.648
 765   1.742
 766  -0.021
 767   0.617
 768   0.812
 769  -1.527
 770   0.663
 771  -0.631
 772  -2.457
 773  -0.279
 774  -0.124
 775   1.641
 776   1.906
 777  -0.530
 778   0.627
 779  -0.573
 780   0.045
 781  -0.399
 782  -0.311
 783   1.398
 784   0.745
 785  -0.226
 786  -1.511
 787  -1.149
 788   0.373
 789  -0.671
 790   0.317
 791   0.143
 792  -0.789
 793  -0.093
 794  -0.417
 795  -0.371
 796  -0.402
 797  -0.417
 798  -1.110
 799  -0.459
 800  -0.919
 801  -0.252
 802   0.224
 803  -0.378
 804   0.991
 805  -0.777
 806   2.217
 807  -1.611
 808   0.121
 809   0.876
 810  -0.928
 811   0.334
 812  -0.555
 813  -0.792
 814   2.292
 815  -0.618
 816  -0.514
 817  -0.159
 818   0.850
 819   0.657
 820  -1.708
 821   0.584
 822   0.936
 823  -0.217
 824   1.309
 825   1.504
 826  -0.347
 827  -0.759
 828   0.312
 829  -0.369
 830   0.627
 831   0.081
 832  -0.608
 833   0.049
 834   0.918
 835   0.084
 836  -0.575
 837   1.772
 838   0.293
 839  -0.587
 840  -0.512
 841  -0.702
 842   1.731
 843  -2.600
 844   0.262
 845  -0.477
 846   0.440
 847   0.427
 848  -0.575
 849   0.155
 850   0.161
 851   0.094
 852  -0.860
 853  -1.527
 854  -0.305
 855   0.001
 856   0.129
 857  -0.090
 858   0.012
 859  -0.268
 860  -1.090
 861   0.092
 862   0.930
 863  -0.421
 864   1.012
 865  -0.184
 866  -1.723
 867  -0.474
 868   1.573
 869   0.079
 870   1.217
 871  -0.421
 872  -0.068
 873  -0.170
 874  -0.679
 875  -1.264
 876  -0.118
 877  -1.762
 878   0.629
 879  -1.421
 880   1.272
 881  -0.961
 882   0.561
 883  -1.549
 884  -0.615
 885   1.001
 886   0.328
 887   1.193
 888  -0.574
 889   0.256
 890  -0.531
 891  -1.463
 892  -0.164
 893   0.227
 894  -1.166
 895  -2.103
 896  -1.163
 897   5.346
 898   0.748
 899  -0.144
 900  -4.284
 901  -1.039
 902  -0.849
 903   0.001
 904   0.886
 905  -1.245
 906   1.862
 907  -1.147
 908   1.159
 909  -0.129
 910  -0.255
 911   0.373
 912  -0.819
 913  -1.655
 914  -1.623
 915  -2.344
 916  -3.025
 917  -0.006
 918   3.272
 919   1.588
 920   0.137
 921   0.113
 922  -2.139
 923   0.727
 924   0.359
 925  -0.882
 926   0.680
 927  -1.000
 928   0.367
 929   0.113
 930  -0.143
 931   0.270
 932   1.088
 933   0.116
 934  -1.313
 935   0.518
 936  -0.489
 937  -0.342
 938   0.350
 939   0.425
 940  -0.510
 941   0.314
 942   1.209
 943  -0.240
 944   1.574
 945   0.757
 946   0.902
 947   1.035
 948   0.672
 949  -0.638
 950   0.032
 951  -0.120
 952   0.870
 953   1.183
 954   0.849
 955  -1.298
 956  -0.138
 957  -0.552
 958   2.487
 959   0.068
 960  -1.356
 961  -0.106
 962   0.940
 963  -0.040
 964   0.428
 965   2.201
 966   1.177
 967  -0.616
 968  -0.870
 969  -0.266
 970  -1.906
 971   0.302
 972  -0.569
 973  -1.801
 974  -0.978
 975   2.211
 976  -0.637
 977   0.559
 978  -0.320
 979  -0.365
 980   0.362
 981   1.225
 982  -0.456
 983  -0.012
 984   0.339
 985   0.186
 986  -1.974
 987  -0.881
 988   0.365
 989  -1.734
 990  -1.810
 991   0.765
 992   0.047
 993  -1.096
 994   1.346
 995   2.551
 996  -0.178
 997  -0.793
 998  -0.478
 999  -0.016
1000   0.275
1001   1.866
1002  -0.588
1003  -0.422
1004   0.291
1005  -0.759
1006  -0.119
1007  -0.388
1008   0.504
1009  -0.511
1010  -1.023
1011  -1.342
1012  -0.857
1013   1.262
1014   0.384
1015   2.826
1016  -1.071
1017  -0.804
1018  -2.313
1019   0.618
1020   1.696
1021  -1.657
1022   1.737
1023  -0.836
1024   0.989
1025   0.509
1026  -0.944
1027  -1.013
1028   2.464
1029   0.724
1030   0.126
1031   0.569
1032  -0.582
1033  -0.413
1034   0.140
1035   0.818
1036   0.109
1037   0.471
1038   0.280
1039   0.029
1040  -0.066
1041  -0.746
1042   0.198
1043   0.342
1044  -0.190
1045  -1.207
1046   0.836
1047   1.078
1048  -0.213
1049  -0.080
1050   1.689
1051  -1.336
1052  -0.166
1053  -0.166
1054   0.006
1055   0.179
1056   0.345
1057   0.040
1058   1.021
1059   0.086
1060  -0.514
1061   0.464
1062  -0.328
1063   0.209
1064   0.233
1065   0.309
1066  -0.009
1067  -0.991
1068  -0.701
1069   0.216
1070  -1.066
1071   1.302
1072  -1.057
1073   0.918
1074   0.122
1075   1.205
1076   0.533
1077   0.690
1078  -0.545
1079   0.923
1080   0.505
1081   0.713
1082  -0.011
1083   0.891
1084  -0.250
1085   0.385
1086   1.116
1087  -0.554
1088   0.493
1089   1.013
1090  -1.339
1091  -0.215
1092   0.129
1093   0.647
1094   0.089
1095   2.107
1096  -1.539
1097   1.097
1098  -1.328
1099   1.165
1100  -0.044
1101  -0.226
1102   0.999
1103  -0.464
1104  -0.188
1105   0.098
1106   0.837
1107  -0.672
1108   0.292
1109  -1.448
1110   0.317
1111  -1.053
1112  -0.246
1113   1.448
1114   1.939
1115   0.110
1116  -0.165
1117  -1.001
1118   0.862
1119  -0.237
1120  -0.410
1121   1.554
1122  -0.697
1123   0.579
1124   0.615
1125  -0.514
1126   0.944
1127  -3.736
1128  -0.642
1129   2.613
1130   1.716
1131   1.341
1132   0.103
1133  -0.845
1134   1.076
1135  -1.166
1136   0.580
1137   0.359
1138   1.140
1139  -0.068
1140   0.071
1141   0.189
1142  -0.348
1143  -0.418
1144  -0.621
1145  -0.102
1146   0.200
1147  -2.355
1148  -0.795
1149  -0.769
1150  -0.849
1151  -1.572
1152  -3.778
1153   1.143
1154   0.451
1155  -0.008
1156   0.078
1157   1.063
1158   0.104
1159  -2.323
1160   0.289
1161   1.085
1162  -0.043
1163   0.108
1164   0.191
1165   0.819
1166  -1.169
1167   0.198
1168  -0.290
1169   0.330
1170  -0.646
1171  -0.214
1172   0.656
1173  -0.377
1174  -0.468
1175  -0.385
1176   0.787
1177   1.493
1178  -0.403
1179   1.041
1180  -2.914
1181   0.505
1182  -2.402
1183  -0.648
1184   0.533
1185  -1.108
1186  -0.224
1187  -1.387
1188   0.861
1189   0.261
1190  -0.103
1191  -0.457
1192   0.222
1193   4.612
1194  -0.380
1195   0.735
1196  -0.194
1197  -0.712
1198   0.699
1199   0.039
1200  -0.273
1201   1.636
1202  -0.635
1203  -0.584
1204  -0.522
1205  -0.017
1206   0.001
1207   0.243
1208   0.430
1209   0.049
1210  -0.686
1211   0.321
1212  -0.222
1213   0.451
1214  -0.218
1215  -2.782
1216  -1.609
1217   0.360
1218  -0.224
1219   0.243
1220  -0.111
1221   2.186
1222  -0.150
1223   0.991
1224   0.870
1225  -1.545
1226  -0.430
1227   1.630
1228  -1.066
1229  -0.549
1230   0.052
1231   1.279
1232   0.206
1233   0.252
1234   0.215
1235  -0.729
1236  -0.666
1237   1.584
1238  -0.065
1239  -0.223
1240   0.515
1241   0.094
1242   0.632
1243   0.317
1244   0.838
1245   2.511
1246   1.776
1247  -2.099
1248   0.295
1249   0.288
1250  -0.776
1251   0.009
1252  -0.159
1253   0.632
1254  -0.182
1255   0.042
1256  -0.544
1257   0.063
1258  -0.109
